1790234486 614400 614400 633600 633600 320000000 320000000 
1790234487 614400 614400 633600 633600 320000000 320000000 
1790234489 614400 614400 633600 633600 320000000 320000000 
1790234490 614400 614400 633600 633600 320000000 320000000 
1790234491 614400 614400 633600 633600 320000000 320000000 
1790234492 614400 614400 633600 633600 320000000 133330000 
1790234493 614400 614400 633600 633600 320000000 133330000 
1790234494 614400 614400 633600 633600 320000000 216000000 
1790234495 614400 614400 633600 633600 320000000 216000000 
1790234496 614400 614400 633600 633600 320000000 320000000 
1790234498 614400 614400 633600 633600 320000000 133330000 
1790234499 614400 614400 633600 633600 320000000 320000000 
1790234500 614400 614400 633600 633600 320000000 320000000 
1790234501 614400 614400 633600 633600 320000000 216000000 
1790234502 614400 614400 633600 633600 320000000 216000000 
1790234503 614400 614400 633600 633600 320000000 216000000 
1790234504 614400 614400 633600 633600 320000000 216000000 
1790234506 614400 614400 633600 633600 320000000 216000000 
1790234507 614400 614400 633600 633600 320000000 216000000 
1790234508 614400 614400 633600 633600 320000000 216000000 
1790234509 614400 614400 633600 633600 320000000 216000000 
1790234510 614400 614400 633600 633600 320000000 216000000 
1790234511 614400 614400 633600 633600 320000000 216000000 
1790234512 614400 614400 633600 633600 320000000 216000000 
1790234514 614400 614400 633600 633600 320000000 216000000 
1790234515 614400 614400 633600 633600 320000000 216000000 
1790234516 614400 614400 633600 633600 320000000 216000000 
1790234517 614400 614400 633600 633600 320000000 216000000 
1790234518 614400 614400 633600 633600 320000000 216000000 
1790234519 614400 614400 633600 633600 320000000 216000000 
1790234520 614400 614400 633600 633600 320000000 216000000 
1790234522 614400 614400 633600 633600 320000000 216000000 
1790234523 614400 614400 633600 633600 320000000 216000000 
1790234524 614400 614400 633600 633600 320000000 320000000 
1790234525 614400 614400 633600 633600 320000000 216000000 
1790234526 614400 614400 633600 633600 320000000 216000000 
1790234527 614400 614400 633600 633600 320000000 216000000 
1790234528 614400 614400 633600 633600 320000000 216000000 
1790234529 614400 614400 633600 633600 320000000 216000000 
1790234531 614400 614400 633600 633600 320000000 216000000 
1790234532 614400 614400 633600 633600 320000000 216000000 
1790234533 614400 614400 633600 633600 320000000 216000000 
1790234534 614400 614400 633600 633600 320000000 216000000 
1790234535 614400 614400 633600 633600 320000000 216000000 
1790234536 614400 614400 633600 633600 320000000 216000000 
1790234537 614400 614400 633600 633600 320000000 216000000 
1790234539 614400 614400 633600 633600 320000000 216000000 
1790234540 614400 614400 633600 633600 320000000 216000000 
1790234541 614400 614400 633600 633600 320000000 216000000 
1790234542 614400 614400 633600 633600 320000000 216000000 
1790234543 614400 614400 633600 633600 320000000 216000000 
1790234544 614400 614400 633600 633600 320000000 216000000 
1790234545 614400 614400 633600 633600 320000000 216000000 
1790234546 614400 614400 633600 633600 320000000 216000000 
1790234548 614400 614400 633600 633600 320000000 216000000 
1790234549 614400 614400 633600 633600 320000000 216000000 
1790234550 614400 614400 633600 633600 320000000 216000000 
1790234551 614400 614400 633600 633600 320000000 216000000 
1790234552 614400 614400 633600 633600 320000000 216000000 
1790234553 614400 614400 633600 633600 320000000 216000000 
1790234554 614400 614400 633600 633600 320000000 216000000 
1790234555 614400 614400 633600 633600 320000000 216000000 
1790234557 614400 614400 633600 633600 320000000 216000000 
1790234558 614400 614400 633600 633600 320000000 216000000 
1790234559 614400 614400 633600 633600 320000000 216000000 
1790234560 614400 614400 633600 633600 320000000 320000000 
1790234561 614400 614400 633600 633600 320000000 320000000 
1790234562 614400 614400 633600 633600 320000000 320000000 
1790234564 614400 614400 633600 633600 320000000 320000000 
1790234565 614400 614400 633600 633600 320000000 320000000 
1790234566 614400 614400 633600 633600 320000000 320000000 
1790234567 614400 614400 633600 633600 320000000 320000000 
1790234568 614400 614400 633600 633600 320000000 320000000 
1790234569 614400 614400 633600 633600 320000000 320000000 
1790234570 614400 614400 633600 633600 320000000 320000000 
1790234571 614400 614400 633600 633600 320000000 320000000 
1790234573 614400 614400 633600 633600 320000000 320000000 
1790234574 614400 614400 633600 633600 320000000 216000000 
1790234575 614400 614400 633600 633600 320000000 216000000 
1790234576 614400 614400 633600 633600 320000000 320000000 
1790234577 614400 614400 633600 633600 320000000 320000000 
1790234578 614400 614400 633600 633600 320000000 320000000 
1790234579 614400 614400 633600 633600 320000000 133330000 
1790234580 614400 614400 633600 633600 320000000 320000000 
1790234582 614400 614400 633600 633600 320000000 320000000 
1790234583 614400 614400 633600 633600 320000000 320000000 
1790234584 614400 614400 633600 633600 320000000 320000000 
1790234585 614400 614400 633600 633600 320000000 320000000 
1790234586 614400 614400 633600 633600 320000000 320000000 
1790234587 614400 614400 633600 633600 320000000 320000000 
1790234588 614400 614400 633600 633600 320000000 320000000 
1790234590 614400 614400 633600 633600 320000000 320000000 
1790234591 614400 614400 633600 633600 320000000 320000000 
1790234592 614400 614400 633600 633600 320000000 320000000 
1790234593 614400 614400 633600 633600 320000000 216000000 
1790234594 614400 614400 633600 633600 320000000 216000000 
1790234595 614400 614400 633600 633600 320000000 216000000 
1790234596 614400 614400 633600 633600 320000000 216000000 
1790234597 614400 614400 633600 633600 320000000 216000000 
1790234599 614400 614400 633600 633600 320000000 216000000 
1790234600 614400 614400 633600 633600 320000000 216000000 
1790234601 614400 614400 633600 633600 320000000 216000000 
1790234602 614400 614400 633600 633600 320000000 216000000 
1790234603 614400 614400 633600 633600 320000000 216000000 
1790234604 614400 614400 633600 633600 320000000 216000000 
1790234605 614400 614400 633600 633600 320000000 216000000 
1790234607 614400 614400 633600 633600 320000000 216000000 
1790234608 614400 614400 633600 633600 320000000 216000000 
1790234609 614400 614400 633600 633600 320000000 216000000 
1790234610 614400 614400 633600 633600 320000000 216000000 
1790234611 614400 614400 633600 633600 320000000 216000000 
1790234612 614400 614400 633600 633600 320000000 216000000 
1790234613 614400 614400 633600 633600 320000000 216000000 
1790234614 614400 614400 633600 633600 320000000 216000000 
1790234616 614400 614400 633600 633600 320000000 216000000 
1790234617 614400 614400 633600 633600 320000000 216000000 
1790234618 614400 614400 633600 633600 320000000 216000000 
1790234619 614400 614400 633600 633600 320000000 216000000 
1790234620 614400 614400 633600 633600 320000000 216000000 
1790234621 614400 614400 633600 633600 320000000 216000000 
1790234622 614400 614400 633600 633600 320000000 216000000 
1790234624 614400 614400 633600 633600 320000000 320000000 
1790234625 614400 614400 633600 633600 320000000 216000000 
1790234626 614400 614400 633600 633600 320000000 320000000
